1668457326883
1668457577075
1668458601188
1668457705473
1668458651637
1668458734397
1668458963782
1668971015100
1669112253622
1669567405126
1670174219859
1670530485262
1671114483377
1671570698031
1671570800691
1672223503926
1672773638328
1673372955303
1673441616147
1675010724051
1675155600005
1675328634085
1675527121774
1676664996558
1677069636479
1677608006304
1678048421466
1678122762572
1678733332673
1679341016037
1679384948090
1679938071299
1680465243831
1680520896158
1680873053630
1681214993056
null
1681317124433
1681933589849
1681934362483
1682857800004
1683139423388
1683711868323
1683788230338
1683884052429
1684239858858
1685805261529
1685815504058
1685983633729
1686001247590
1687114105682
1687285938748
1687455532704
1687705197352
1693900540408
1693929155722
1693940581079
1694873578014
1694949957855
1695053773034
1695755093630
1695913513154
1695799623057
1696231929950
1696715712765
1697108744724
1697480783655
1697729687922
1697968335764
1698075535313
1698139655799
1698255716846
1698848582240
1698917042790
1698922372451
1699350871327
1699429830911
1699962964371
1701282491992
1701606845329
1702214517587
1702734612576
1702898004820
1704221982149
1704652587626
1704654793651
1705409718136
1706384853169
1706729484730
1707340278926
1707586143137
1708366409200
1708374258817
1709065473281
1709493421602
1709494328401
1710577234789
1710837432550
1711539977933
1711940400004
1712585286375
1712939432982
1713386741730
1714663730753
1715017857709
1715509140112
1716043445894
1716795031544
1717013730455
1717406916760
1718036944273
1718551840775
1718788713815
1718864993872
1725359797594
1725384111898
1725878172948
1725991060888
1726131101946
1726387700357
1726518283165
1726858163259
